% Copyright 2018 - 2020, The MathWorks Inc.

mFWheel     = 30/1000; % kg
mRWheel     = 30/1000;
mBattery    = 44/1000;
mMotor      = 61/1000;
mIWheel     = 75/1000;
mSteering   = 18/1000;
mFrame      = 172/1000;